##FastQC	0.12.1
>>Basic Statistics	pass
#Measure	Value
Filename	SRR9127396_2.fastq
File type	Conventional base calls
Encoding	Sanger / Illumina 1.9
Total Sequences	32925807
Total Bases	3.2 Gbp
Sequences flagged as poor quality	0
Sequence length	100
%GC	44
>>END_MODULE
>>Per base sequence quality	pass
#Base	Mean	Median	Lower Quartile	Upper Quartile	10th Percentile	90th Percentile
1	35.382058243857166	37.0	37.0	37.0	37.0	37.0
2	34.76413601646878	37.0	37.0	37.0	25.0	37.0
3	35.247322897810825	37.0	37.0	37.0	37.0	37.0
4	35.26198741309514	37.0	37.0	37.0	37.0	37.0
5	35.37314757387723	37.0	37.0	37.0	37.0	37.0
6	35.63113189602308	37.0	37.0	37.0	37.0	37.0
7	35.57291640566319	37.0	37.0	37.0	37.0	37.0
8	35.56977649780915	37.0	37.0	37.0	37.0	37.0
9	35.737860153283414	37.0	37.0	37.0	37.0	37.0
10-11	35.60953244061717	37.0	37.0	37.0	37.0	37.0
12-13	35.58872604094411	37.0	37.0	37.0	37.0	37.0
14-15	35.62406749817856	37.0	37.0	37.0	37.0	37.0
16-17	35.558523911046436	37.0	37.0	37.0	37.0	37.0
18-19	35.55239886755091	37.0	37.0	37.0	37.0	37.0
20-21	35.558080216530456	37.0	37.0	37.0	37.0	37.0
22-23	35.52668771337936	37.0	37.0	37.0	37.0	37.0
24-25	35.4915837598149	37.0	37.0	37.0	37.0	37.0
26-27	35.47142223423711	37.0	37.0	37.0	37.0	37.0
28-29	35.441433098359596	37.0	37.0	37.0	37.0	37.0
30-31	35.413769979882346	37.0	37.0	37.0	37.0	37.0
32-33	35.39264975342897	37.0	37.0	37.0	37.0	37.0
34-35	35.35370218868135	37.0	37.0	37.0	37.0	37.0
36-37	35.32724493282731	37.0	37.0	37.0	37.0	37.0
38-39	35.28911894247573	37.0	37.0	37.0	37.0	37.0
40-41	35.268553630287634	37.0	37.0	37.0	37.0	37.0
42-43	35.21863157370752	37.0	37.0	37.0	31.0	37.0
44-45	35.19379730009351	37.0	37.0	37.0	25.0	37.0
46-47	35.15361684225386	37.0	37.0	37.0	25.0	37.0
48-49	35.13290114650796	37.0	37.0	37.0	25.0	37.0
50-51	35.09673475884737	37.0	37.0	37.0	25.0	37.0
52-53	35.05029099210841	37.0	37.0	37.0	25.0	37.0
54-55	35.0510787784184	37.0	37.0	37.0	25.0	37.0
56-57	35.01805135710113	37.0	37.0	37.0	25.0	37.0
58-59	35.018365320552356	37.0	37.0	37.0	25.0	37.0
60-61	34.97055341726325	37.0	37.0	37.0	25.0	37.0
62-63	34.90160862268311	37.0	37.0	37.0	25.0	37.0
64-65	34.89805774540317	37.0	37.0	37.0	25.0	37.0
66-67	34.85380624080072	37.0	37.0	37.0	25.0	37.0
68-69	34.82848827365112	37.0	37.0	37.0	25.0	37.0
70-71	34.77422793312249	37.0	37.0	37.0	25.0	37.0
72-73	34.740981929463416	37.0	37.0	37.0	25.0	37.0
74-75	34.7300055849808	37.0	37.0	37.0	25.0	37.0
76-77	34.71182322121976	37.0	37.0	37.0	25.0	37.0
78-79	34.630967420175914	37.0	37.0	37.0	25.0	37.0
80-81	34.63154158985382	37.0	37.0	37.0	25.0	37.0
82-83	34.58789476291348	37.0	37.0	37.0	25.0	37.0
84-85	34.5351395943006	37.0	37.0	37.0	25.0	37.0
86-87	34.450163332367225	37.0	37.0	37.0	25.0	37.0
88-89	34.46337116353747	37.0	37.0	37.0	25.0	37.0
90-91	34.44930834952656	37.0	37.0	37.0	25.0	37.0
92-93	34.39679637920492	37.0	37.0	37.0	25.0	37.0
94-95	34.359241976969614	37.0	37.0	37.0	25.0	37.0
96-97	34.30564995719011	37.0	37.0	37.0	25.0	37.0
98-99	34.2851955914095	37.0	37.0	37.0	25.0	37.0
100	34.05841275203976	37.0	37.0	37.0	25.0	37.0
>>END_MODULE
>>Per sequence quality scores	pass
#Quality	Count
11	4.0
12	61.0
13	274.0
14	613.0
15	1418.0
16	3279.0
17	7327.0
18	14676.0
19	25007.0
20	39193.0
21	57249.0
22	80527.0
23	112685.0
24	154878.0
25	201281.0
26	254566.0
27	312689.0
28	379440.0
29	470705.0
30	617067.0
31	829785.0
32	1139381.0
33	1659668.0
34	2750132.0
35	5928960.0
36	1.601283E7
37	1872112.0
>>END_MODULE
>>Per base sequence content	fail
#Base	G	A	T	C
1	43.544285048727396	19.106851032327583	10.632393844066087	26.716470074878934
2	15.50429913139518	20.793604482949203	41.80733469952555	21.89476168613007
3	18.71752869823532	25.42855672017738	30.087391940758927	25.76652264082837
4	11.846679503611151	17.427005570100043	39.56488832465726	31.161426601631547
5	12.777385076589487	37.22119961982395	35.3671974784028	14.634217825183764
6	29.213122101005656	38.01040538556545	20.016168553372474	12.76030396005642
7	26.94846736489977	31.875950319287842	23.780687811275882	17.394894504536506
8	24.502071324007314	37.77345425168105	21.57435202789302	16.150122396418613
9	26.829864390821704	16.406718197142034	20.841490637955385	35.92192677408088
10-11	24.70228420968693	25.150944256095524	29.94415075052882	20.202620783688722
12-13	25.760224920398244	23.347129614112127	29.660284150578413	21.232361314911213
14-15	22.129310921882873	26.375683096787235	25.406404852026625	26.088601129303267
16-17	21.913189033446727	28.324148364418907	27.591065311978475	22.17159729015589
18-19	23.217488900068137	26.839526130976804	28.661961571888817	21.28102339706624
20-21	23.09990917247179	27.077872756754356	27.48040616006568	22.341811910708177
22-23	22.572547381700037	27.910680174375152	27.434685549857086	22.082086894067725
24-25	22.743168736709638	27.203819393667157	28.431116535454354	21.621895334168855
26-27	22.07534704090631	28.06362694893153	27.941766456424528	21.919259553737636
28-29	22.040477120854852	28.15792891271252	26.96242371679573	22.839170249636894
30-31	22.438326131509214	27.30246362901017	27.851242399132637	22.40796784034798
32-33	22.311175243176272	27.419643807059913	28.367025294171228	21.902155655592587
34-35	22.3636726110788	27.760698664703913	28.18410071043745	21.691528013779838
36-37	21.864995621434712	27.92351406412603	27.665336111889	22.546154202550255
38-39	23.023521079126795	27.73034124464043	27.205037483288375	22.041100192944402
40-41	23.439287685276916	26.66816913663071	28.304878884732975	21.587664293359403
42-43	22.30634909556575	27.975476638802082	28.101291861491884	21.616882404140284
44-45	22.017601829307083	28.226518741569905	27.401408600105636	22.354470829017377
46-47	22.886919830826358	27.411962279057846	27.51417911174195	22.186938778373847
48-49	22.687775036007096	27.756184530354272	27.279207545510847	22.276832888127785
50-51	22.238049751433568	28.306469020288073	27.408806507243057	22.046674721035306
52-53	22.015860361104817	27.83036988703901	27.976826815251865	22.17694293660431
54-55	22.683798465219517	27.269844201883203	27.8086549946879	22.237702338209388
56-57	22.490559941691885	27.85326262540839	26.68855205282706	22.96762538007266
58-59	22.519487374720224	28.20306139819512	26.30847749963896	22.96897372744569
60-61	22.731892411733927	26.965160530255865	28.097746440652433	22.20520061735777
62-63	22.464193127768397	27.11862829013781	28.148432682700562	22.268745899393235
64-65	22.872547548384357	27.448293779065562	27.10454486768832	22.574613804861766
66-67	22.8304863269237	28.490831508990517	26.503603171660288	22.175078992425494
68-69	23.162520303982838	27.12377792665121	27.64700733521907	22.066694434146882
70-71	23.60815442807809	26.859711128813284	27.629327043241325	21.902807399867296
72-73	23.02322681949747	27.925431203360336	26.990490595378024	22.060851381764177
74-75	22.726334934777725	27.653331454343043	27.895604271281044	21.724729339598188
76-77	22.78492480741956	27.497696178082293	27.705914846757196	22.011464167740954
78-79	22.673133622042556	27.31786202630212	27.592762399479692	22.416241952175632
80-81	22.699835337281737	27.71994123329981	27.545643210772514	22.03458021864593
82-83	22.66541553029212	27.43719776835798	27.966755128702186	21.93063157264772
84-85	22.53258037796163	27.60210307302895	27.80276077764488	22.062555771364533
86-87	21.813127773927175	28.608837624573024	26.818557141324252	22.759477460175553
88-89	22.509500807011467	27.662003840944827	27.4242974497648	22.40419790227891
90-91	22.87684702762183	27.2544177884539	27.98798371137874	21.88075147254553
92-93	22.168408565208516	28.076632095963767	27.726994001049633	22.02796533777808
94-95	22.153171503998173	28.427602574734863	27.506276385465284	21.912949535801683
96-97	23.08804138762774	28.081689413083687	26.899786468509134	21.930482730779435
98-99	22.65076695623513	27.444455270367403	28.239186679724998	21.665591093672464
100	23.16421217259665	27.128406705236657	27.779870227868575	21.92751089429812
>>END_MODULE
>>Per sequence GC content	fail
#GC Content	Count
0	318.0
1	348.5
2	827.5
3	1407.0
4	1435.5
5	1527.5
6	2138.0
7	3269.0
8	4772.5
9	6005.5
10	6633.5
11	7220.5
12	8180.5
13	9407.0
14	10960.5
15	13007.0
16	15770.0
17	19726.5
18	25446.5
19	33438.5
20	44375.5
21	58978.5
22	77761.5
23	101266.0
24	130426.0
25	166007.0
26	206801.5
27	250646.0
28	299885.5
29	360687.5
30	439575.5
31	545376.0
32	686512.0
33	869153.5
34	1085174.0
35	1273003.0
36	1387678.5
37	1411753.5
38	1327607.5
39	1188158.5
40	1075448.5
41	1007553.0
42	955348.5
43	932660.5
44	937549.5
45	940712.5
46	975891.5
47	1020191.0
48	1013893.5
49	975770.5
50	928701.5
51	869029.0
52	853592.0
53	840615.5
54	767807.5
55	687945.0
56	622131.5
57	562954.0
58	508884.0
59	458180.0
60	408930.5
61	380334.0
62	332012.5
63	262930.5
64	220785.5
65	200068.5
66	200987.0
67	189422.0
68	153010.5
69	139236.0
70	134243.0
71	107733.0
72	96601.5
73	115575.5
74	103648.0
75	69855.5
76	61666.5
77	62730.5
78	67735.0
79	69958.0
80	73326.0
81	78950.0
82	85243.0
83	84239.0
84	63035.0
85	50699.0
86	40086.5
87	19299.5
88	5777.5
89	2462.5
90	1759.0
91	1358.5
92	1216.0
93	1146.0
94	1194.5
95	1307.5
96	1432.0
97	1635.0
98	2043.0
99	2850.5
100	6802.0
>>END_MODULE
>>Per base N content	pass
#Base	N-Count
1	0.05757186148846709
2	0.014037621006525369
3	6.0742626596821146E-6
4	2.12599193088874E-5
5	2.7334181968569515E-5
6	5.011266694237745E-4
7	9.415107122507278E-5
8	2.12599193088874E-5
9	9.323993182612047E-4
10-11	0.0019908395867108135
12-13	7.592828324602644E-5
14-15	5.7705495266980094E-5
16-17	4.555696994761586E-6
18-19	0.002179141729160959
20-21	6.57538932910589E-4
22-23	4.5556969947615866E-5
24-25	4.920152754342513E-4
26-27	1.2604095018840388E-4
28-29	4.4038404282695335E-4
30-31	0.0021244733652238195
32-33	0.0
34-35	0.0018222787979046344
36-37	2.0500636476427137E-4
38-39	1.5185656649205286E-6
40-41	7.289115191618538E-5
42-43	4.282355175075891E-4
44-45	0.0030082785822075674
46-47	0.0021305476278835017
48-49	1.3667090984284758E-5
50-51	0.0012270010572557873
52-53	0.0023340354269828526
54-55	1.700793544710992E-4
56-57	9.263250556015226E-5
58-59	6.0742626596821146E-6
60-61	1.3667090984284758E-5
62-63	1.1996668752872178E-4
64-65	9.111393989523173E-5
66-67	7.137258625126485E-5
68-69	3.0371313298410573E-6
70-71	4.935338410991719E-4
72-73	0.0015398255842294162
74-75	9.779562882088204E-4
76-77	2.5815616303648985E-4
78-79	1.8374644545538396E-4
80-81	5.3149798272218505E-5
82-83	1.9741353643966873E-5
84-85	2.5511903170664886E-4
86-87	7.289115191618539E-4
88-89	9.551778032350127E-4
90-91	0.0
92-93	1.427451725025297E-4
94-95	2.7334181968569515E-5
96-97	6.63613195570271E-4
98-99	0.0021897716888154024
100	0.001688645019391628
>>END_MODULE
>>Sequence Length Distribution	pass
#Length	Count
100	3.2925807E7
>>END_MODULE
>>Sequence Duplication Levels	fail
#Total Deduplicated Percentage	46.8974369705001
#Duplication Level	Percentage of total
1	30.684499771857315
2	19.070569642078045
3	11.42755833804033
4	5.826320717432381
5	2.8542899758311764
6	1.466059754826102
7	0.8758900223267838
8	0.626044215228856
9	0.48733647672993496
>10	5.18622927921197
>50	2.0602892776744572
>100	5.236287705019562
>500	2.9372138095361313
>1k	7.592621263577996
>5k	2.254377687730082
>10k+	1.4144120628990833
>>END_MODULE
>>Overrepresented sequences	pass
>>END_MODULE
>>Adapter Content	pass
#Position	Illumina Universal Adapter	Illumina Small RNA 3' Adapter	Illumina Small RNA 5' Adapter	Nextera Transposase Sequence	PolyA	PolyG
1	0.0	0.0	0.0	0.0	7.440971758110591E-4	0.0797125488830084
2	0.0	0.0	0.0	3.0371313298410577E-6	9.961790761878668E-4	0.07985225692418109
3	0.0	0.0	0.0	1.214852531936423E-5	0.0012270010572557873	0.08072695074717531
4	0.0	0.0	0.0	3.0371313298410575E-5	0.0015155285335906876	0.08160468170149937
5	0.0	3.0371313298410577E-6	0.0	3.0371313298410575E-5	0.00209562061759033	0.08336925500413703
6	3.0371313298410577E-6	3.0371313298410577E-6	0.0	5.163123260729798E-5	0.0026149700749931505	0.0851125683874658
7	3.0371313298410577E-6	6.074262659682115E-6	0.0	5.466836393713904E-5	0.0029369059959563027	0.0863334951820619
8	6.074262659682115E-6	6.074262659682115E-6	0.0	6.074262659682115E-5	0.0033985499580921432	0.08731448860160056
9	6.074262659682115E-6	6.074262659682115E-6	0.0	1.2452238452348335E-4	0.0038085626876206862	0.08841089301167318
10-11	9.111393989523172E-6	6.074262659682115E-6	0.0	2.2474771840823825E-4	0.006066669831357513	0.09045943809365098
12-13	9.111393989523172E-6	6.074262659682115E-6	0.0	3.052316986490263E-4	0.009970902155868192	0.09304403685534571
14-15	1.214852531936423E-5	6.074262659682115E-6	0.0	4.1304986085838384E-4	0.016289653887602513	0.09494072537083145
16-17	1.5185656649205288E-5	1.0629959654443702E-5	0.0	6.028705689734499E-4	0.02404193160702181	0.09645017964176247
18-19	2.429705063872846E-5	1.5185656649205288E-5	0.0	8.762123886591451E-4	0.031194375888797504	0.09775918324492397
20-21	3.340844462825163E-5	2.429705063872846E-5	0.0	0.001214852531936423	0.03839541427185065	0.0990423712317818
22-23	3.644557595809269E-5	2.429705063872846E-5	0.0	0.0018480944142082836	0.04628891859810756	0.10032404065297473
24-25	3.644557595809269E-5	2.429705063872846E-5	0.0	0.0025694131050455348	0.05494322432248965	0.10160267294283781
26-27	3.644557595809269E-5	2.581561630364899E-5	0.0	0.0034744782413381695	0.06391642883650506	0.10287219383871138
28-29	5.163123260729798E-5	2.733418196856952E-5	0.0	0.004432693175903024	0.07208175641678274	0.10417056748221842
30-31	5.163123260729798E-5	3.0371313298410575E-5	0.0	0.0058586263352634	0.08028352957301851	0.1055372765806469
32-33	5.618692960205956E-5	3.0371313298410575E-5	0.0	0.00850396772355496	0.08934936659259407	0.10682046456750474
34-35	5.7705495266980094E-5	3.340844462825163E-5	0.0	0.011162976202830806	0.09929749026348846	0.10825702768651957
36-37	5.7705495266980094E-5	4.555696994761586E-5	0.0	0.014669344323132306	0.10776045671409057	0.10969662793686424
38-39	6.377975792666221E-5	4.859410127745692E-5	0.0	0.019783873482584646	0.11623709025567695	0.11115293240952302
40-41	6.985402058634433E-5	4.859410127745692E-5	0.0	0.026254481780811023	0.12552919355932568	0.11250597441696722
42-43	7.440971758110592E-5	5.9224060931900626E-5	0.0	0.032436562602702494	0.13456465926560282	0.11383775650510251
44-45	8.503967723554962E-5	6.074262659682115E-5	0.0	0.038966394961860766	0.14292132611966046	0.1153836563519916
46-47	8.807680856539067E-5	6.377975792666221E-5	0.0	0.04591231431320726	0.15153463057108973	0.11680655238002216
48-49	8.807680856539067E-5	6.377975792666221E-5	0.0	0.053722297527893544	0.1608312895717332	0.11827196824667047
50-51	8.95953742303112E-5	6.529832359158274E-5	0.0	0.061482168075637444	0.170217543946607	0.11982394235621924
52-53	9.111393989523172E-5	6.681688925650326E-5	0.0	0.07015014089100383	0.1796265768064546	0.12152018020393547
54-55	9.415107122507278E-5	6.681688925650326E-5	0.0	0.07943920706332269	0.18908268520191474	0.12299167033324346
56-57	9.415107122507278E-5	7.289115191618538E-5	0.0	0.0891747315411282	0.1992510008942226	0.12443886341191274
58-59	9.870676821983437E-5	7.289115191618538E-5	0.0	0.09978039414493317	0.20877696331026907	0.12585872230861342
60-61	1.0174389954967542E-4	7.289115191618538E-5	0.0	0.11180135994844409	0.21905765286178103	0.12732261960959682
62-63	1.0781816220935755E-4	7.289115191618538E-5	0.0	0.12393621817682403	0.22965724120292633	0.128904965032444
64-65	1.1237385920411912E-4	7.289115191618538E-5	0.0	0.13563221092804195	0.239294058912512	0.13065435267843245
66-67	1.1237385920411912E-4	7.289115191618538E-5	0.0	0.1488619550008296	0.24885342977318672	0.13226099515191836
68-69	1.1389242486903965E-4	7.289115191618538E-5	0.0	0.16475678181555276	0.2586405854835995	0.13382967348378128
70-71	1.2755951585332443E-4	7.289115191618538E-5	0.0	0.18138507584643254	0.26868893448837866	0.13542113030061798
72-73	1.3059664718316548E-4	7.289115191618538E-5	0.0	0.196166794028769	0.27845786741081247	0.13703840273375834
74-75	1.3363377851300653E-4	7.289115191618538E-5	0.0	0.21149215871914695	0.2878441217856862	0.13879993890506617
76-77	1.3363377851300653E-4	7.289115191618538E-5	0.0	0.2286109494597961	0.2974050112120259	0.14083481689605967
78-79	1.3970804117268866E-4	7.896541457586749E-5	0.0	0.24551714100735633	0.3071784998314544	0.1429228446853254
80-81	1.4122660683760918E-4	7.896541457586749E-5	0.0	0.26207254388631995	0.31686391164231753	0.145357105446193
82-83	1.4578230383237076E-4	7.896541457586749E-5	0.0	0.2789969582218592	0.32677710830291873	0.14782477465168886
84-85	1.488194351622118E-4	8.50396772355496E-5	1.5185656649205289E-6	0.2958758155874509	0.3366371551652477	0.15085735028453517
86-87	1.488194351622118E-4	8.50396772355496E-5	3.0371313298410577E-6	0.311867830604729	0.3461281905710011	0.15478891679101442
88-89	1.533751321569734E-4	8.655824290047014E-5	3.0371313298410577E-6	0.3282987110991691	0.3561446496968168	0.15905304917811125
>>END_MODULE
