##FastQC	0.12.1
>>Basic Statistics	pass
#Measure	Value
Filename	SRR9127396_1.fastq
File type	Conventional base calls
Encoding	Sanger / Illumina 1.9
Total Sequences	32925807
Total Bases	3.2 Gbp
Sequences flagged as poor quality	0
Sequence length	100
%GC	44
>>END_MODULE
>>Per base sequence quality	pass
#Base	Mean	Median	Lower Quartile	Upper Quartile	10th Percentile	90th Percentile
1	35.97976444434604	37.0	37.0	37.0	37.0	37.0
2	36.009117377138246	37.0	37.0	37.0	37.0	37.0
3	36.256647164335256	37.0	37.0	37.0	37.0	37.0
4	36.22329691114329	37.0	37.0	37.0	37.0	37.0
5	36.3281286317447	37.0	37.0	37.0	37.0	37.0
6	36.45985986007875	37.0	37.0	37.0	37.0	37.0
7	36.43620868578863	37.0	37.0	37.0	37.0	37.0
8	36.44161234985068	37.0	37.0	37.0	37.0	37.0
9	36.48808689791567	37.0	37.0	37.0	37.0	37.0
10-11	36.44361374346876	37.0	37.0	37.0	37.0	37.0
12-13	36.42991550670269	37.0	37.0	37.0	37.0	37.0
14-15	36.43603447593554	37.0	37.0	37.0	37.0	37.0
16-17	36.417847070536496	37.0	37.0	37.0	37.0	37.0
18-19	36.409021349119854	37.0	37.0	37.0	37.0	37.0
20-21	36.403371069993824	37.0	37.0	37.0	37.0	37.0
22-23	36.3948907007807	37.0	37.0	37.0	37.0	37.0
24-25	36.37090916253017	37.0	37.0	37.0	37.0	37.0
26-27	36.33501766562624	37.0	37.0	37.0	37.0	37.0
28-29	36.32744119225384	37.0	37.0	37.0	37.0	37.0
30-31	36.307873486593664	37.0	37.0	37.0	37.0	37.0
32-33	36.292665355172616	37.0	37.0	37.0	37.0	37.0
34-35	36.27782483812773	37.0	37.0	37.0	37.0	37.0
36-37	36.251201496746916	37.0	37.0	37.0	37.0	37.0
38-39	36.2290244397047	37.0	37.0	37.0	37.0	37.0
40-41	36.21234345144525	37.0	37.0	37.0	37.0	37.0
42-43	36.18553917296545	37.0	37.0	37.0	37.0	37.0
44-45	36.180219333728104	37.0	37.0	37.0	37.0	37.0
46-47	36.15436951932568	37.0	37.0	37.0	37.0	37.0
48-49	36.12221276763239	37.0	37.0	37.0	37.0	37.0
50-51	36.08318704231	37.0	37.0	37.0	37.0	37.0
52-53	36.077317937871655	37.0	37.0	37.0	37.0	37.0
54-55	36.078600700660125	37.0	37.0	37.0	37.0	37.0
56-57	36.053796585760225	37.0	37.0	37.0	37.0	37.0
58-59	36.03811604374647	37.0	37.0	37.0	37.0	37.0
60-61	36.010329526623295	37.0	37.0	37.0	37.0	37.0
62-63	35.98863461417969	37.0	37.0	37.0	37.0	37.0
64-65	35.98853580111188	37.0	37.0	37.0	37.0	37.0
66-67	35.958340854029785	37.0	37.0	37.0	37.0	37.0
68-69	35.93052795942101	37.0	37.0	37.0	37.0	37.0
70-71	35.916060538774346	37.0	37.0	37.0	37.0	37.0
72-73	35.897823430721076	37.0	37.0	37.0	37.0	37.0
74-75	35.87192350365171	37.0	37.0	37.0	37.0	37.0
76-77	35.86417623719898	37.0	37.0	37.0	37.0	37.0
78-79	35.82591752420829	37.0	37.0	37.0	37.0	37.0
80-81	35.79508676886796	37.0	37.0	37.0	37.0	37.0
82-83	35.777216561464996	37.0	37.0	37.0	37.0	37.0
84-85	35.759875559010595	37.0	37.0	37.0	37.0	37.0
86-87	35.74077906427624	37.0	37.0	37.0	37.0	37.0
88-89	35.70151963169802	37.0	37.0	37.0	37.0	37.0
90-91	35.68743065280071	37.0	37.0	37.0	37.0	37.0
92-93	35.66552203261108	37.0	37.0	37.0	37.0	37.0
94-95	35.63357920126301	37.0	37.0	37.0	37.0	37.0
96-97	35.59643458397238	37.0	37.0	37.0	37.0	37.0
98-99	35.57034397061247	37.0	37.0	37.0	37.0	37.0
100	35.33570211354273	37.0	37.0	37.0	37.0	37.0
>>END_MODULE
>>Per sequence quality scores	pass
#Quality	Count
15	7.0
16	40.0
17	154.0
18	396.0
19	880.0
20	1803.0
21	3676.0
22	7203.0
23	14142.0
24	26104.0
25	46582.0
26	76721.0
27	116082.0
28	164182.0
29	224850.0
30	312567.0
31	437245.0
32	603039.0
33	858025.0
34	1337908.0
35	2839978.0
36	1.8770731E7
37	7083492.0
>>END_MODULE
>>Per base sequence content	fail
#Base	G	A	T	C
1	42.94584615227585	19.184341608297668	10.702793777111463	27.167018462315013
2	14.986594596939032	21.02227736131711	41.86529259399659	22.125835447747267
3	18.345199184448184	25.571350806976383	29.993606462990908	26.08984354558453
4	11.58581784488755	17.643515909416692	39.47105292918385	31.299613316511916
5	12.454024552108585	37.595544590269625	35.25897348474564	14.691457372876151
6	29.13183029930172	38.20995855338267	19.86979014094547	12.788421006370143
7	26.815761126846667	32.02315279088342	23.629584259367725	17.531501822902186
8	24.29517976582928	38.04450108086948	21.383731004679703	16.276588148621535
9	26.48652468867354	16.451274831320003	20.735327762809273	36.32687271719718
10-11	24.53483323920502	25.31191231969933	29.845430177025772	20.307824264069883
12-13	25.671527200533006	23.44822406327049	29.556933866495665	21.32331486970084
14-15	21.975586565747243	26.543743530530428	25.306470857539527	26.1741990461828
16-17	21.762254756580454	28.531842818613374	27.466063322305207	22.239839102500966
18-19	23.076867941308166	26.988758392467037	28.604326994931363	21.33004667129343
20-21	22.890860351577714	27.24654402548129	27.396573757478443	22.466021865462555
22-23	22.42489897040149	28.072606826505712	27.299250036756952	22.203244166335846
24-25	22.598730133729223	27.36187592747506	28.378287079591395	21.661106859204317
26-27	21.95755400765734	28.252539635035074	27.809220029743248	21.980686327564342
28-29	21.90915705367676	28.29854554650428	26.863601065954246	22.928696333864714
30-31	22.320527600831944	27.399829999579968	27.801079159775032	22.478563239813056
32-33	22.212469149578297	27.63584132154578	28.23978553478691	21.911903994089013
34-35	22.23339279125338	27.956932080662444	28.08358501281381	21.72609011527037
36-37	21.70572594960093	28.146809166852567	27.5437851861177	22.60367969742881
38-39	22.815993141411777	27.89662059544836	27.141398079705244	22.145988183434618
40-41	23.292161183212997	26.81174501718346	28.27445153327192	21.621642266331627
42-43	22.13059092422825	28.152485004538235	27.986578608048795	21.730345463184715
44-45	21.84667941472171	28.41493755946513	27.32229767367585	22.41608535213731
46-47	22.752566095039068	27.59125235715559	27.424257209549946	22.2319243382554
48-49	22.544908314623846	27.93597587448654	27.236305855768393	22.282809955121223
50-51	22.06026949478774	28.466470262395642	27.36527739672311	22.10798284609351
52-53	21.83776686831369	27.952116719721136	27.908598696415236	22.30151771554994
54-55	22.5175098601612	27.439330223827024	27.719737942326116	22.323421973685655
56-57	22.313115129208985	27.98576289977533	26.65117598032376	23.049945990691924
58-59	22.345468349770112	28.28697863060502	26.254197562710964	23.113355456913904
60-61	22.5258412041351	27.065105799836587	28.090641787458694	22.318411208569618
62-63	22.31844346367009	27.21346385004038	28.076856756468842	22.39123592982068
64-65	22.725257215855997	27.52993353368245	27.030138474152523	22.714670776309035
66-67	22.63775797507408	28.652228630265615	26.415158176684933	22.29485521797537
68-69	22.978445711826836	27.25325997037078	27.566543498090816	22.201750819711563
70-71	23.47073027567997	26.96971832625325	27.563419822789147	21.996131575277634
72-73	22.902026364911876	28.052430119632298	26.88299181247099	22.162551702984835
74-75	22.565388376521444	27.82272664790651	27.769889672556538	21.841995303015512
76-77	22.63726292266732	27.634204986987864	27.661031968024353	22.067500122320464
78-79	22.514801915555232	27.472843033819732	27.483986269007353	22.528368781617676
80-81	22.59478688117465	27.833144274390186	27.42093255536384	22.151136289071317
82-83	22.535498362309085	27.578038053738407	27.8181158930497	22.068347690902808
84-85	22.367659560820183	27.786191597356552	27.660133631466522	22.186015210356743
86-87	21.590823585291417	28.81734948251296	26.70589284533872	22.885934086856903
88-89	22.271167112168275	27.808300947642678	27.352494351922797	22.56803758826625
90-91	22.701850759200667	27.440027750044166	27.861470460164846	21.996651030590318
92-93	21.9792577900976	28.32573245661071	27.569647723440767	22.12536202985093
94-95	21.936282528798955	28.677397996455937	27.335660089945563	22.05065938479954
96-97	22.86743785785122	28.253874351267953	26.799780021233715	22.07890776964711
98-99	22.352077860374667	27.66921173465409	28.152408626225917	21.82630177874532
100	22.78505053035475	27.504900140521215	27.664792908735684	22.045256420388352
>>END_MODULE
>>Per sequence GC content	fail
#GC Content	Count
0	199.0
1	223.5
2	650.0
3	1211.0
4	1232.5
5	1252.5
6	1753.5
7	2657.5
8	3841.0
9	4831.5
10	5261.5
11	5582.0
12	6183.5
13	7148.0
14	8629.0
15	10583.5
16	13344.5
17	17346.0
18	22861.5
19	30453.0
20	41226.5
21	55952.5
22	74571.5
23	97954.0
24	127312.5
25	162855.5
26	203016.5
27	247979.0
28	297356.5
29	357309.0
30	435387.5
31	538200.5
32	680464.5
33	866491.5
34	1085854.0
35	1281931.5
36	1407115.5
37	1437576.0
38	1353406.0
39	1208299.0
40	1089355.5
41	1015144.0
42	957006.0
43	934674.0
44	941578.0
45	946123.5
46	994685.5
47	1057570.0
48	1043746.5
49	987179.5
50	927345.0
51	861362.5
52	848455.5
53	836898.5
54	761050.5
55	681787.5
56	621314.5
57	559006.5
58	503284.0
59	453222.5
60	403214.0
61	369511.0
62	319091.5
63	254843.0
64	213102.5
65	192342.5
66	197375.5
67	186718.0
68	148482.0
69	135761.5
70	131988.0
71	103998.5
72	92620.5
73	115822.0
74	102561.5
75	65533.0
76	58186.5
77	60464.5
78	67854.5
79	71074.0
80	74508.5
81	78802.5
82	86508.0
83	88058.5
84	64446.0
85	51501.5
86	40695.5
87	18116.0
88	4060.5
89	1216.5
90	663.5
91	275.5
92	119.5
93	32.0
94	20.0
95	15.5
96	8.0
97	6.0
98	7.5
99	6.0
100	1.5
>>END_MODULE
>>Per base N content	pass
#Base	N-Count
1	0.02148770415862548
2	0.0042398353364581165
3	0.0011237385920411912
4	0.015440775680911938
5	2.4600763771712565E-4
6	0.00244185358919221
7	4.25198386177748E-5
8	0.0
9	0.0
10-11	2.2778484973807933E-5
12-13	0.0
14-15	3.0371313298410573E-6
16-17	0.0
18-19	0.0
20-21	0.0
22-23	1.8222787979046347E-4
24-25	1.7159792013601976E-4
26-27	3.9482707287933746E-5
28-29	1.06299596544437E-5
30-31	1.8222787979046345E-5
32-33	3.0371313298410573E-6
34-35	0.0
36-37	6.0742626596821146E-6
38-39	2.444890720522051E-4
40-41	0.0020606936072971576
42-43	3.644557595809269E-5
44-45	0.0
46-47	0.0
48-49	0.0
50-51	3.796414162301322E-5
52-53	0.0011191828950464296
54-55	4.555696994761586E-6
56-57	3.0371313298410573E-6
58-59	1.06299596544437E-5
60-61	0.0
62-63	2.8852747633490047E-5
64-65	0.004895855703703785
66-67	0.0
68-69	6.104633972980525E-4
70-71	4.555696994761586E-6
72-73	0.0
74-75	3.0371313298410573E-6
76-77	0.0
78-79	3.0371313298410573E-6
80-81	2.581561630364899E-5
82-83	8.352111157062908E-5
84-85	0.0014517487756640255
86-87	1.9741353643966873E-5
88-89	0.0
90-91	0.00137885762374784
92-93	0.0
94-95	7.592828324602644E-6
96-97	0.0024631135085010974
98-99	2.9915743598934416E-4
100	0.0037690799803327523
>>END_MODULE
>>Sequence Length Distribution	pass
#Length	Count
100	3.2925807E7
>>END_MODULE
>>Sequence Duplication Levels	fail
#Total Deduplicated Percentage	42.95278628970758
#Duplication Level	Percentage of total
1	25.3599684776807
2	20.469454808734223
3	12.576072301125793
4	6.452941956044265
5	3.2333694806251008
6	1.5889746144789603
7	0.9880175010013713
8	0.6873351887656275
9	0.46709385826108374
>10	5.590101794254187
>50	2.0225397639518006
>100	5.417878350316149
>500	3.052137054889994
>1k	8.007684593057125
>5k	2.4545586066895173
>10k+	1.6318716501240642
>>END_MODULE
>>Overrepresented sequences	pass
>>END_MODULE
>>Adapter Content	pass
#Position	Illumina Universal Adapter	Illumina Small RNA 3' Adapter	Illumina Small RNA 5' Adapter	Nextera Transposase Sequence	PolyA	PolyG
1	0.0	0.0	0.0	6.074262659682115E-6	3.735671535704501E-4	0.0
2	0.0	0.0	0.0	6.074262659682115E-6	5.223865887326619E-4	0.0
3	0.0	0.0	0.0	9.111393989523172E-6	6.803174178843968E-4	3.9482707287933746E-5
4	0.0	0.0	0.0	3.9482707287933746E-5	9.202507929418404E-4	1.700793544710992E-4
5	0.0	0.0	0.0	4.555696994761586E-5	0.001530714190239893	5.011266694237745E-4
6	3.0371313298410577E-6	0.0	0.0	4.859410127745692E-5	0.0020804349609411243	8.44322509695814E-4
7	6.074262659682115E-6	0.0	0.0	4.859410127745692E-5	0.002390222356584912	0.001269520895873562
8	6.074262659682115E-6	0.0	0.0	5.163123260729798E-5	0.0027759380354747264	0.0014669344323132308
9	6.074262659682115E-6	0.0	0.0	1.3970804117268866E-4	0.003179876502343587	0.0018283530605643166
10-11	1.5185656649205288E-5	0.0	0.0	2.217105870783972E-4	0.00542735368642597	0.0022581071437368263
12-13	1.5185656649205288E-5	0.0	0.0	3.113059613087084E-4	0.009580630779983616	0.003023464238856773
14-15	2.12599193088874E-5	1.5185656649205289E-6	0.0	4.130498608583838E-4	0.016297246715927114	0.0038541196575683024
16-17	2.429705063872846E-5	3.0371313298410577E-6	0.0	5.80092083999642E-4	0.024221122355482433	0.004675663682290308
18-19	2.429705063872846E-5	6.074262659682115E-6	0.0	8.18506893392165E-4	0.03087395853349927	0.005453169302729618
20-21	2.429705063872846E-5	6.074262659682115E-6	0.0	0.0011131086323867474	0.03801729142128543	0.006245860579818135
22-23	2.429705063872846E-5	9.111393989523172E-6	0.0	0.0015899382511717936	0.04590927718187743	0.00686239823977587
24-25	2.429705063872846E-5	1.0629959654443702E-5	0.0	0.002088027789265727	0.0548657774735787	0.007522974304016299
26-27	3.340844462825163E-5	1.366709098428476E-5	0.0	0.002721269671537588	0.06388150182621188	0.008308072752780213
28-29	3.9482707287933746E-5	1.5185656649205288E-5	0.0	0.0033727343417884947	0.07220172310431147	0.009141765302821583
30-31	4.100127295285427E-5	1.6704222314125816E-5	0.0	0.004472175883190957	0.08083173177805483	0.009919270923260892
32-33	4.25198386177748E-5	1.8222787979046345E-5	0.0	0.0067166159359434985	0.08984897469635292	0.010833447453543052
34-35	4.4038404282695335E-5	1.8222787979046345E-5	0.0	0.009002057261648894	0.10032252208730981	0.011809885176086953
36-37	4.555696994761586E-5	1.8222787979046345E-5	0.0	0.012125746834390421	0.10824487916120021	0.012766581544986885
38-39	4.859410127745692E-5	1.8222787979046345E-5	0.0	0.016758890678062955	0.11682325660233628	0.013762760621174753
40-41	4.859410127745692E-5	1.8222787979046345E-5	0.0	0.022603849922342073	0.125924020632205	0.014783236748001347
42-43	5.466836393713904E-5	1.8222787979046345E-5	0.0	0.028160281690286285	0.13495189351015757	0.015785490086848895
44-45	5.618692960205956E-5	1.8222787979046345E-5	0.0	0.03409635487446063	0.14306103416083316	0.016810521910670253
46-47	6.529832359158274E-5	1.8222787979046345E-5	0.0	0.04038321672723162	0.15111398788190672	0.017908444886407797
48-49	7.289115191618538E-5	2.1259919308887405E-5	0.0	0.047248652098337326	0.1602906801950215	0.019076221882731684
50-51	7.289115191618538E-5	2.429705063872846E-5	0.0	0.05422797989431208	0.1694931881244399	0.020342705647275403
52-53	7.289115191618538E-5	2.581561630364899E-5	0.0	0.06199544327038059	0.1784086871431883	0.0217109333113688
54-55	7.744684891094697E-5	2.733418196856952E-5	0.0	0.07009850965839654	0.18792250103391545	0.022821004812425705
56-57	8.655824290047014E-5	2.733418196856952E-5	0.0	0.07847643643176308	0.19780532638121823	0.024101155667953712
58-59	8.807680856539067E-5	2.733418196856952E-5	0.0	0.08764857304788308	0.2070503541492544	0.02526589553294776
60-61	8.807680856539067E-5	2.733418196856952E-5	0.0	0.09771666340630619	0.21689825248626404	0.026404819781638153
62-63	8.807680856539067E-5	2.733418196856952E-5	0.0	0.1079411660282161	0.22728372306865552	0.02765308075820283
64-65	8.807680856539067E-5	2.733418196856952E-5	0.0	0.11796673654802144	0.23721969821423056	0.02901523415963654
66-67	9.111393989523172E-5	2.8852747633490047E-5	0.0	0.12909934143755383	0.24684436739849686	0.030391054652054543
68-69	9.718820255491385E-5	3.340844462825163E-5	0.0	0.14185377445722136	0.256567743350983	0.03165753841659826
70-71	1.0629959654443701E-4	3.340844462825163E-5	0.0	0.1554100101479669	0.26619848679790903	0.03310473149526753
72-73	1.0933672787427807E-4	3.644557595809269E-5	0.0	0.1677468376097813	0.27586415725512814	0.0345154789979787
74-75	1.1844812186380124E-4	3.796414162301322E-5	0.0	0.18043141660886247	0.28537493401452546	0.03587003957108781
76-77	1.1844812186380124E-4	3.9482707287933746E-5	0.0	0.19451003888834068	0.2945819976409386	0.037326344043746594
78-79	1.2452238452348335E-4	3.9482707287933746E-5	0.0	0.2084853987026043	0.3042218524818541	0.03869760883916983
80-81	1.2452238452348335E-4	3.9482707287933746E-5	0.0	0.22225271502077382	0.3135746984120996	0.0400263537959753
82-83	1.2452238452348335E-4	3.9482707287933746E-5	0.0	0.2363419672599065	0.3234742279817166	0.04153884519823614
84-85	1.2755951585332443E-4	3.9482707287933746E-5	0.0	0.25057244610587676	0.33326745795478907	0.04294503700395255
86-87	1.2755951585332443E-4	3.9482707287933746E-5	0.0	0.26453565739482104	0.34300753812958934	0.04457142083108244
88-89	1.2755951585332443E-4	3.9482707287933746E-5	0.0	0.2789787354338802	0.35246668365637934	0.04609909788999249
>>END_MODULE
